
sampleID	B	Endothelial	Fibroblasts	Mono.Macro	Tprolif	CD4Tconv	CD8Tex	otherCells
value...1	0.017	0.0945	0.0295	0.0394	0.0873	0.1123	0.0618	0.5583
value...2	0.0915	0.1259	0.0262	0.1102	0.049	0.146	0.0165	0.4347
value...3	0.0296	0.0952	0.0164	0.0628	0.0051	0.0336	0.0297	0.7277
value...4	0.0193	0.1044	0.0463	0.0832	0.0034	0.0285	0.0264	0.6886
value...5	0.021	0.099	0.0328	0.0314	0	0.0336	0.0369	0.7453
value...6	0.0739	0.1179	0.0387	0.133	5e-04	0.0515	0.0163	0.5682
value...7	0.0204	0.1393	0.072	0.0224	0.0517	0.0813	0.0349	0.578
value...8	0.0257	0.1035	0.0251	0.1027	0.0406	0.059	0.0368	0.6066
value...9	0.0034	0.0618	0.029	0.0397	0	0.0217	0.0139	0.8304
value...10	0.0362	0.1215	0.0244	0.0298	0.0366	0.044	0.0326	0.6749
value...11	0.0685	0.071	0.0409	0.0594	0.033	0.0611	0.0742	0.592
value...12	0.0474	0.1273	0.0312	0.0644	0.0438	0.0614	0.0373	0.5872
value...13	0.02	0.1159	0.0528	0.0871	0.0306	0.0491	0.0124	0.632
value...14	0.0327	0.0797	0.0178	0.083	0.0302	0.0797	0.0645	0.6123
value...15	0.045	0.0974	0.0637	0.0636	0.0847	0.1088	0.0166	0.5202
value...16	0.0219	0.0955	0.0432	0.1032	0	0.0943	0.0108	0.6311
value...17	0.0763	0.0825	0.0562	0.0937	0.0841	0.1328	0.0481	0.4264
value...18	0.0277	0.1054	0.0402	0.113	0.0749	0.1055	0.0696	0.4638
value...19	0.0286	0.1189	0.0513	0.1157	0.0428	0.0925	0.0241	0.526
value...20	0.0472	0.1499	0.0173	0.142	0	0.0355	0.0167	0.5915
value...21	0.0624	0.1386	0.0164	0.0605	0.0566	0.0643	0.0611	0.5401
value...22	0.0604	0.172	0.0278	0.1293	0.0846	0.0747	0.0468	0.4043
value...23	0.0274	0.105	0.0254	0.0507	0	0.0416	0.0172	0.7327
value...24	0.0355	0.0786	0.0206	0.0901	4e-04	0.036	0.0327	0.7061
value...25	0.0126	0.0796	0.0337	0.0539	0	0.0222	0.0211	0.7768
value...26	0.0914	0.1304	0.0528	0.0353	0.0482	0.0995	0.0513	0.4912
value...27	0.0338	0.0429	0.0241	0.0981	0.0502	0.085	0.0426	0.6233
value...28	0.0412	0.093	0.0273	0.0558	0.033	0.041	0.0481	0.6606
value...29	0.0401	0.1369	0.0186	0.0925	0	0.0424	0.0165	0.653
value...30	0.0092	0.0679	0.0322	0.0454	0	0.0233	0.0182	0.8039
value...31	0.0371	0.1144	0.0341	0.0975	0.0445	0.1176	0.0276	0.5273
value...32	0.0568	0.1761	0.0745	0.0443	0.0364	0.0839	0.0175	0.5104
value...33	0.0122	0.1122	0.0269	0.0945	0.0087	0.0555	0.0386	0.6514
value...34	0.0271	0.0901	0.0205	0.0667	0.016	0.025	0.0256	0.729
value...35	0.0428	0.0751	0.0323	0.0865	0.0427	0.0552	0.042	0.6234
value...36	0.0495	0.0756	0.0208	0.0971	0.0023	0.0884	0.018	0.6482
value...37	0	0.0526	0.022	0.0319	0	0.0069	0.0074	0.8792
value...38	0.0142	0.1485	0.027	0.0912	0.0222	0.0866	0.0081	0.6022
value...39	0.0297	0.1281	0.0158	0.0696	0.0604	0.0781	0.038	0.5803
value...40	0.0455	0.1322	0.0448	0.091	0.0125	0.0655	0.0469	0.5617
value...41	0.0691	0.13	0.0539	0.065	0.0374	0.1003	0.0091	0.5353
value...42	0.0141	0.0898	0.0208	0.0499	0	0.0301	0.0228	0.7724
value...43	0.0449	0.0844	0.0342	0.0704	0.0082	0.056	0.0437	0.6582
value...44	0.0285	0.1123	0.0302	0.0937	0.0017	0.0342	0.042	0.6573
value...45	0.0538	0.1185	0.066	0.0257	0.0574	0.0938	0.0244	0.5605
value...46	0.0332	0.1282	0.0317	0.0912	0.0316	0.075	0.0352	0.5738
value...47	0.0421	0.1518	0.1	0.0609	0.0351	0.1185	0.0439	0.4477
value...48	0.0305	0.0711	0.0278	0.0359	0.0025	0.0784	0.0209	0.7329
value...49	0.0213	0.1084	0.0239	0.0653	0.0393	0.0714	0.0365	0.634
value...50	0.0058	0.0596	0.0166	0.0337	0	0.0138	0.0149	0.8557
value...51	0.095	0.1166	0.0322	0.0708	0.0875	0.0597	0.1002	0.4381
value...52	0.0239	0.0831	0.0186	0.0654	0.006	0.0343	0.0257	0.743
value...53	0.0731	0.1628	0.0558	0.0622	0.098	0.0956	0.0181	0.4345
value...54	0.0459	0.0992	0.0295	0.1124	0.0368	0.0882	0.0318	0.5562
value...55	0.0125	0.0837	0.041	0.0619	0	0.0276	0.0325	0.7408
value...56	0.0574	0.0641	0.0273	0.1134	0.0407	0.0734	0.0583	0.5655
value...57	0.0423	0.0979	0.0693	0.1264	0.0302	0.0851	0.0548	0.4939
value...58	0.0367	0.1364	0.0303	0.0505	0.0346	0.0627	0.0495	0.5993
value...59	0.021	0.0768	0.0535	0.0285	0.0552	0.0466	0.0534	0.6652
value...60	0.0458	0.0617	0.0537	0.0401	0.0068	0.0504	0.053	0.6885
value...61	0.0171	0.0589	0.0229	0.0432	0.0038	0.0176	0.0169	0.8196
value...62	0.0453	0.0684	0.0137	0.0358	0.021	0.0387	0.0534	0.7237
value...63	0.0185	0.0746	0.0211	0.0489	0.003	0.0347	0.0216	0.7776
value...64	0.0555	0.1217	0.089	0.0529	0.0656	0.0785	0.0898	0.447
value...65	0.0204	0.1248	0.025	0.0571	0.0128	0.0501	0.0509	0.6588
value...66	0.0477	0.1286	0.0721	0.0213	0.0759	0.0586	0.0259	0.5699
value...67	0.0606	0.1237	0.0658	0.0397	0.0748	0.0437	0.0474	0.5443
value...68	0.0698	0.0547	0.0623	0.1067	0.1059	0.0851	0.0638	0.4517
value...69	0.0437	0.0945	0.0796	0.1288	0.0602	0.1183	0.0321	0.4428
value...70	0.0252	0.0895	0.0701	0.0432	0.0997	0.0899	0.0678	0.5146
value...71	0.009	0.0721	0.0423	0.0715	0.011	0.0319	0.0344	0.7279
value...72	0.0282	0.1013	0.0551	0.0734	0.0218	0.0682	0.0259	0.6261
value...73	0.0425	0.1069	0.0221	0.0751	0.0235	0.0498	0.0432	0.6368
value...74	0.0521	0.1079	0.0325	0.0235	0.0795	0.0379	0.0557	0.6108
value...75	0.0291	0.0325	0.012	0.1993	0.033	0.1103	0.0746	0.5091
value...76	0.0359	0.0855	0.0324	0.0467	0.0187	0.0609	0.025	0.6947
value...77	0.0326	0.0611	0.0206	0.0301	0.0411	0.0365	0.0504	0.7277
value...78	0.0164	0.1601	0.0519	0.0369	0.0434	0.0631	0.0361	0.5921
value...79	0.0204	0.074	0.0338	0.0402	0.0113	0.0693	0.044	0.7069
value...80	0.0682	0.1134	0.0501	0.1004	0.051	0.0418	0.0284	0.5467
value...81	0.063	0.1652	0.0274	0.1173	0.0485	0.1011	0.0836	0.3938
value...82	0.0681	0.1023	0.0715	0.0557	0.0635	0.112	0.0678	0.4591
value...83	0.0483	0.0807	0.0852	0.1195	0.1012	0.0806	0.0317	0.4529
value...84	0.0771	0.1233	0.0728	0.112	0.0601	0.0769	0.0405	0.4374
value...85	0.0495	0.0898	0.0127	0.1408	0.0487	0.097	0.0317	0.5297
value...86	0.0292	0.0742	0.0426	0.0308	0	0.049	0.0225	0.7518
value...87	0.0588	0.1444	0.0305	0.1309	0.0287	0.1515	0.0558	0.3994
value...88	0.0345	0.0791	0.0523	0.1289	0.0569	0.0907	0.0627	0.495
value...89	0.0342	0.1082	0.0315	0.024	0.008	0.0529	0.0351	0.706
value...90	0.0566	0.1349	0.0233	0.1183	0.0408	0.0382	0.0493	0.5387
value...91	0.0319	0.0627	0.0205	0.0841	0	0.0564	0.0431	0.7014
value...92	0.0534	0.0797	0.049	0.1066	0.0284	0.0444	0.0649	0.5734
value...93	0.0242	0.0615	0.0345	0.0742	0.0091	0.0504	0.0477	0.6985
value...94	0.0243	0.1352	0.0256	0.0939	0.0137	0.0483	0.0211	0.6379
value...95	0.0502	0.1317	0.0908	0.0638	0.0662	0.0917	0.0631	0.4425
value...96	0.0448	0.126	0.0382	0.0989	0.0601	0.052	0.0426	0.5373
value...97	0.0666	0.0956	0.0682	0.0673	0.0424	0.1045	0.055	0.5003
value...98	0.0497	0.1256	0.0215	0.124	0	0.0333	0.0313	0.6146
value...99	0.0313	0.1484	0.0357	0.0791	0.0241	0.0736	0.012	0.5958
value...100	0.0536	0.0958	0.0182	0.038	0.0798	0.0368	0.083	0.5948
