
sampleID	B	Endothelial	Fibroblasts	Mono.Macro	Tprolif	CD4Tconv	CD8Tex	Malignant	otherCells
value...1	0.0359	0.0271	0.0329	0.0276	0.1496	0.0864	0.0417	0.2575	0.3413
value...2	0.0311	0.1042	0.0298	0.0875	0.0404	0.1036	0.043	0.2596	0.3008
value...3	0.018	0.0745	0.0952	0.0359	0.167	0.0796	0.0761	0.097	0.3568
value...4	0.018	0.0411	0.0037	0.0772	0.13	0.062	0.0312	0.3377	0.2991
value...5	0.027	0.0973	0.0588	0.0359	0.1159	0.0701	0	0.2797	0.3153
value...6	0.0486	0.0981	0.1247	0.0408	0.0402	0.0594	0.0771	0.1451	0.3661
value...7	0.0163	0.0213	0.0946	0.0172	0.1033	0.0313	0.0312	0.3738	0.3111
value...8	0.0223	0.0218	0.0736	0.0215	0.0757	0.0391	0	0.4542	0.2918
value...9	0.012	0.0565	0.0513	0.0812	0.1181	0.0608	0.0041	0.3259	0.2902
value...10	0.0302	0.0539	0.0387	0.0359	0.0632	0.0633	0.0456	0.3591	0.3101
value...11	0.0069	0.115	0.0531	0.073	0.0433	0.061	0.0286	0.347	0.272
value...12	0.0199	0.053	0.0503	0.0139	0.0491	0.0295	5e-04	0.5662	0.2176
value...13	0.0187	0.023	0.0092	0.0216	0.0669	0.0311	0	0.5538	0.2756
value...14	0.0432	0.0826	0.0577	0.0188	0.0793	0.065	0.07	0.2237	0.3597
value...15	0.0149	0.0571	0.0378	0.0314	0.0967	0.0422	0.0136	0.3931	0.3131
value...16	0.0287	0.1092	0.1377	0.0347	0.0552	0.049	0.0129	0.2308	0.3417
value...17	0.0302	0.1035	0.0553	0.0768	0.121	0.0969	0.0611	0.124	0.3313
value...18	0.0051	0.0262	0.0101	0.0081	0.0434	0.0155	0	0.681	0.2105
value...19	0.028	0.0351	0.1078	0.0946	0.1674	0.0721	0.0067	0.1577	0.3306
value...20	0.04	0.0989	0.0566	0.0585	0.1058	0.098	0.0073	0.18	0.3548
value...21	0.01	0.0441	0.0107	0.0054	0.0387	0.0218	0.0069	0.6472	0.2152
value...22	0.0076	0.0817	0.0441	0.0881	0.1185	0.0746	0.0643	0.1666	0.3544
value...23	0.0498	0.0885	0.0228	0.0323	0.1129	0.0368	0	0.3224	0.3345
value...24	0.12	0.053	0.0442	0.0616	0.0498	0.0818	0.1074	0.0824	0.3999
value...25	0.0485	0.0582	0.0434	0.0898	0.0507	0.0328	0.0456	0.3563	0.2747
value...26	0.0157	0.116	0.0411	0.0363	0.0794	0.1278	0.078	0.1138	0.3919
value...27	0.0188	0.0633	0.0226	0.0189	0.1204	0.0684	0.0385	0.3589	0.2903
value...28	0.0328	0.0664	0.0883	0.0577	0.0457	0.0348	0	0.3832	0.2911
value...29	0.0088	0.0375	0.0772	0.0266	0.1091	0.0676	0.0327	0.4029	0.2377
value...30	0.0403	0.1313	0.0467	0.0729	0.1126	0.1284	0	0.1192	0.3486
value...31	0.0341	0.1273	0.0318	0.0648	0.1707	0.0878	0.0146	0.1272	0.3417
value...32	0.0296	0.0895	0.0509	0.0865	0.0933	0.0819	0.0171	0.176	0.3753
value...33	0.0155	0.0567	0.0071	0.0634	0.1097	0.0597	0.0194	0.344	0.3245
value...34	0.033	0.1293	0.1029	0.0858	0.0783	0.052	0.056	0.1235	0.3393
value...35	0.0058	0.0275	0.0867	0.0934	0.0673	0.0492	0.0576	0.283	0.3295
value...36	0.03	0.1143	0.0155	0.0839	0.0503	0.0866	0.0257	0.2669	0.3269
value...37	0.0134	0.0439	0.064	0.0465	0.0533	0.0394	0.0118	0.4473	0.2804
value...38	0.0421	0.0462	0.06	0.0603	0.1595	0.0466	0.0278	0.2087	0.3488
value...39	0.0156	0.0815	0.0567	0.0602	0.028	0.0784	0	0.4274	0.2522
value...40	0.0183	0.0437	0.052	0.0465	0.075	0.0456	0.0054	0.4743	0.2391
value...41	0.0287	0.0792	0.0112	0.0399	0.1617	0.0336	0	0.3565	0.2891
value...42	0.0312	0.0292	0.0742	0.0527	0.0601	0.0614	0.0029	0.3987	0.2896
value...43	0.0327	0.0216	0.0388	0.0359	0.1025	0.0685	0.034	0.3744	0.2917
value...44	0.0513	0.1327	0.0199	0.0837	0.0412	0.1208	0.0757	0.0962	0.3786
value...45	0.02	0.0585	0.0165	0.0281	0.08	0.0185	0	0.5124	0.2661
value...46	0.0514	0.1342	0.0133	0.0979	0.1452	0.0593	0.0015	0.1085	0.3886
value...47	0.0317	0.023	0.131	0.0151	0.2217	0.0411	0.0052	0.1559	0.3753
value...48	0.0232	0.1188	0.0204	0.1119	0.0622	0.0786	0.0362	0.2091	0.3397
value...49	0.0036	0.0983	0.0634	0.0609	0.0419	0.0666	0.043	0.3543	0.268
value...50	0.0018	0.0363	0.0542	0.0334	0.0688	0.0291	0.0147	0.536	0.2257
value...51	0.0294	0.0327	0.0348	0.0664	0.047	0.0548	0.0226	0.4259	0.2863
value...52	0.0131	0.0475	0.0469	0.08	0.1213	0.038	0.0111	0.3543	0.2878
value...53	0.0156	0.0382	0.0249	0.023	0.0908	0.0401	0	0.5203	0.2471
value...54	0.0145	0.0597	0.0445	0.0576	0.0541	0.0309	0	0.506	0.2326
value...55	0.0121	0.1204	0.06	0.0639	0.0669	0.0679	0.0252	0.2703	0.3133
value...56	0.0065	0.0346	0.0112	0.0255	0.0599	0.0255	0	0.5854	0.2513
value...57	0.0033	0.0527	0.0275	0.0298	0.0912	0.051	0.0225	0.4508	0.2713
value...58	0.0066	0.0428	0.0213	0.0136	0.0523	0.012	0.002	0.6369	0.2124
value...59	0.0444	0.1157	0.0516	0.1133	0.0348	0.032	0.0113	0.2746	0.3222
value...60	0.0324	0.037	0.0113	0.0467	0.1205	0.0639	0.0166	0.3594	0.3121
value...61	0.008	0.0866	0.0729	0.0402	0.0604	0.0301	0.0078	0.4358	0.2581
value...62	0.0867	0.0752	0.0095	0.0281	0.1106	0.0666	0.085	0.1567	0.3817
value...63	0.0079	0.0669	0.0085	0.0311	0.0465	0.0357	0.0361	0.5452	0.2218
value...64	0.0461	0.0444	0.035	0.0954	0.0918	0.067	0.0694	0.2069	0.344
value...65	0.0495	0.0657	0.1014	0.0871	0.1571	0.0673	0.0027	0.1373	0.3319
value...66	0.0353	0.06	0.0424	0.0362	0.0969	0.0735	0.0183	0.3495	0.2879
value...67	0.0105	0.0308	0.0225	0.014	0.0466	0.004	0	0.6419	0.2296
value...68	0.0441	0.0288	0.0991	0.0537	0.0957	0.0467	0.0043	0.3476	0.28
value...69	0.0203	0.0204	0.0191	0.0382	0.0962	0.0232	0.0142	0.4923	0.2761
value...70	0.0122	0.0868	0.0455	0.0945	0.0554	0.0697	0.0867	0.2146	0.3346
value...71	0.0078	0.0518	0.0391	0.0515	0.0474	0.0319	0.0092	0.4739	0.2874
value...72	0.0413	0.0186	0.0157	0.0695	0.1185	0.0756	0	0.3944	0.2666
value...73	0.0162	0.1018	0.0944	0.089	0.1251	0.0372	0.0165	0.1776	0.3422
value...74	0	0.0134	0.0042	0.0064	0.0255	0	0	0.7915	0.159
value...75	0.0405	0.1039	0.0268	0.0714	0.0625	0.0771	0.0504	0.2584	0.309
value...76	0	0.0183	0.0101	0.0094	0.0547	0.0061	0	0.6713	0.2302
value...77	0.0085	0.0194	0.0237	0.0198	0.0329	0.0134	0.0061	0.6666	0.2097
value...78	0.025	0.0682	0.0661	0.0563	0.0474	0.0365	0.0193	0.3899	0.2913
value...79	0.0132	0.0498	0.0833	0.0257	0.0785	0.0348	0.0036	0.4555	0.2556
value...80	0.0071	0.0565	0.0613	0.0318	0.0345	0.0578	0.026	0.4735	0.2514
value...81	0.0231	0.026	0.0602	0.1459	0.1022	0.0501	0.0415	0.2512	0.2996
value...82	0.0247	0.0828	0.0522	0.0441	0.1029	0.056	0.008	0.3237	0.3057
value...83	0.0175	0.0686	0.0512	0.0419	0.0358	0.0301	0	0.5123	0.2425
value...84	0.0179	0.0231	0.0841	0.1067	0.1014	0.0459	0.0417	0.2662	0.3129
value...85	0.0388	0.0801	0.0597	0.0862	0.1661	0.0771	0.0298	0.1141	0.3481
value...86	0.0035	0.0305	0.0403	0.0273	0.0576	0.0175	0.0274	0.5467	0.2492
value...87	0.0188	0.1081	0.089	0.0955	0.1214	0.0799	5e-04	0.1572	0.3295
value...88	0.0124	0.1115	0.0848	0.0152	0.0584	0.0471	0.0097	0.353	0.3079
value...89	0.0148	0.0864	0.0359	0.0231	0.0814	0.0466	0	0.3848	0.327
value...90	0.0253	0.0433	0.1239	0.0993	0.1061	0.0636	0.0242	0.179	0.3354
value...91	0.0308	0.16	0.0122	0.1108	0.0915	0.0809	0.0459	0.0911	0.3768
value...92	0.0239	0.0885	0.0293	0.0552	0.0741	0.0625	0.0321	0.3532	0.2813
value...93	0.001	0.0143	0.0114	0.0159	0.0639	0.0448	0.0489	0.5761	0.2237
value...94	0.06	0.1461	0.0821	0.0955	0.0676	0.0644	0.0237	0.1105	0.3502
value...95	0.0127	0.1135	0.0721	0.0527	0.031	0.074	0.0252	0.3208	0.298
value...96	0.0278	0.0776	0.0214	0.0663	0.0634	0.0315	0.003	0.4118	0.2973
value...97	0.0214	0.0897	0.0538	0.0711	0.0922	0.0418	0	0.3417	0.2883
value...98	0	0.0143	0.005	0.0074	0.0273	0	0	0.7131	0.233
value...99	0.0272	0.0514	0.0417	0.0165	0.0798	0.0499	0.0025	0.4589	0.2721
value...100	0.0177	0.089	0.0045	0.0659	0.087	0.0881	0.0472	0.2738	0.3267
