
sampleID	B	Endothelial	Fibroblasts	Mono.Macro	Tprolif	CD4Tconv	CD8Tex	otherCells
value...1	0.058	0.0763	0.0312	0	0.1311	0.0714	0.0486	0.5834
value...2	0.0476	0.157	0.0317	0.1003	0.0398	0.0833	0.0345	0.5058
value...3	0.0286	0.1471	0.0732	0	0.15	0.0646	0.0705	0.466
value...4	0.0205	0.0914	0.012	0.0753	0.1442	0.0606	0.0337	0.5623
value...5	0.0436	0.158	0.0545	0.029	0.1114	0.0625	0.0078	0.5333
value...6	0.0791	0.169	0.097	0.0293	0.0166	0.0264	0.0853	0.4973
value...7	0.02	0.0813	0.0856	0.0022	0.1322	0.0382	0.0199	0.6206
value...8	0.0385	0.0687	0.0695	0.0291	0.082	0.039	0	0.6732
value...9	0.0202	0.1038	0.0494	0.1014	0.1261	0.0493	0.0051	0.5447
value...10	0.0474	0.096	0.0362	0.0315	0.071	0.0685	0.0376	0.6119
value...11	0.0067	0.1644	0.0525	0.1023	0.0518	0.0421	0.0198	0.5605
value...12	0.0239	0.0965	0.0473	0.0235	0.0732	0.0267	0	0.7089
value...13	0.0286	0.0464	0.0213	0.0391	0.0758	0.0318	0	0.757
value...14	0.0582	0.1355	0.0477	0	0.0882	0.0566	0.0644	0.5494
value...15	0.0187	0.1009	0.0391	0.046	0.1059	0.0432	0.0095	0.6366
value...16	0.0396	0.1773	0.1179	0.0333	0.0513	0.0345	0.0159	0.5302
value...17	0.0476	0.1553	0.0489	0.0705	0.1011	0.0669	0.066	0.4439
value...18	0.0059	0.0535	0.0208	0.036	0.0635	0.0095	0	0.8107
value...19	0.0518	0.1069	0.0937	0.1018	0.1451	0.0569	0.0066	0.4371
value...20	0.0557	0.1428	0.0508	0.0377	0.1024	0.0981	0.007	0.5056
value...21	0.0074	0.0714	0.0219	0.0236	0.0675	0.0226	0	0.7855
value...22	0.0164	0.1342	0.0363	0.0984	0.1083	0.0629	0.0636	0.4798
value...23	0.0788	0.1257	0.0251	0.0358	0.1171	0.0349	0	0.5826
value...24	0.1692	0.1134	0.0329	0.0265	0.0313	0.0532	0.106	0.4675
value...25	0.0719	0.1102	0.0484	0.107	0.0425	0.0209	0.0452	0.5538
value...26	0.015	0.1869	0.0296	0	0.0862	0.1031	0.0772	0.502
value...27	0.0205	0.1056	0.0288	0.0072	0.1127	0.045	0.0436	0.6367
value...28	0.0532	0.1245	0.0848	0.0956	0.0528	0.0172	0	0.5719
value...29	0.0066	0.0927	0.0733	0.0189	0.1074	0.0524	0.0371	0.6118
value...30	0.0593	0.1966	0.0366	0.0681	0.0984	0.0918	0.0089	0.4402
value...31	0.0421	0.1849	0.0289	0.0638	0.1429	0.0588	0.0289	0.4496
value...32	0.0396	0.1436	0.0459	0.1103	0.0742	0.0623	0.0275	0.4966
value...33	0.0231	0.09	0.0171	0.0804	0.1118	0.059	0.0175	0.6011
value...34	0.0531	0.2	0.0843	0.097	0.0658	0.0255	0.0535	0.4209
value...35	0.0104	0.0837	0.0788	0.1136	0.0683	0.0404	0.0605	0.5442
value...36	0.0551	0.1725	0.0187	0.0913	0.0515	0.0659	0.0221	0.5229
value...37	0.0228	0.097	0.0709	0.0707	0.0645	0.0308	0.0083	0.635
value...38	0.0572	0.1115	0.0503	0.0585	0.155	0.0306	0.034	0.5027
value...39	0.0263	0.132	0.0506	0.0833	0.0421	0.0583	0	0.6074
value...40	0.0292	0.0956	0.0488	0.0565	0.0965	0.0346	7e-04	0.638
value...41	0.0364	0.1171	0.0144	0.048	0.1527	0.0354	0.0094	0.5866
value...42	0.0428	0.0826	0.0698	0.0654	0.0702	0.0413	0.004	0.6239
value...43	0.0488	0.0671	0.0391	0.0226	0.1178	0.0587	0.0267	0.6192
value...44	0.0759	0.186	0.0174	0.0998	0.0344	0.0838	0.0688	0.4339
value...45	0.0297	0.0883	0.0244	0.0514	0.0842	0.0182	0	0.7037
value...46	0.0729	0.1756	0.0128	0.1007	0.1277	0.0508	0.0139	0.4456
value...47	0.0389	0.0931	0.105	0	0.2063	0.0381	0.0221	0.4964
value...48	0.0419	0.1712	0.0247	0.1434	0.0482	0.0743	0.0242	0.4722
value...49	0.0092	0.139	0.0542	0.0834	0.0552	0.0469	0.0398	0.5723
value...50	0.0015	0.0885	0.049	0.0558	0.0969	0.0299	0.0092	0.6694
value...51	0.0416	0.0796	0.0375	0.1	0.0557	0.0377	0.0173	0.6306
value...52	0.0206	0.0977	0.0482	0.1048	0.1238	0.0347	0.0119	0.5583
value...53	0.0254	0.077	0.0317	0.0366	0.0882	0.0363	0	0.7048
value...54	0.0224	0.11	0.0444	0.0924	0.0534	0.0325	0	0.6448
value...55	0.0138	0.1848	0.0553	0.0655	0.0641	0.0449	0.0302	0.5413
value...56	0.011	0.0698	0.0237	0.0422	0.079	0.0214	0	0.7529
value...57	0.0059	0.0898	0.0309	0.033	0.1075	0.047	0.0164	0.6697
value...58	0.0079	0.0832	0.0289	0.0402	0.0659	0.0093	0	0.7645
value...59	0.0705	0.1645	0.0502	0.1595	0.0215	0.0166	0.0152	0.502
value...60	0.0513	0.0807	0.0196	0.0491	0.1302	0.0474	0.0131	0.6085
value...61	0.012	0.1451	0.0594	0.0636	0.0653	0.024	0.0076	0.623
value...62	0.1147	0.1097	0.0106	0	0.0899	0.0497	0.0963	0.5291
value...63	0.0088	0.1049	0.0189	0.0523	0.073	0.0282	0.0227	0.6911
value...64	0.0762	0.109	0.0346	0.1158	0.0804	0.0403	0.0744	0.4693
value...65	0.0727	0.1314	0.0806	0.0724	0.1317	0.0466	0.0153	0.4494
value...66	0.0476	0.1064	0.0468	0.0261	0.0999	0.0461	0.024	0.6031
value...67	0.0116	0.064	0.0347	0.0461	0.0627	0.0107	0	0.7703
value...68	0.0604	0.0872	0.0874	0.066	0.09	0.0343	0.0072	0.5676
value...69	0.0304	0.0682	0.0235	0.0494	0.0937	0.024	0.0192	0.6915
value...70	0.0189	0.1455	0.0388	0.0993	0.0544	0.0611	0.0801	0.5018
value...71	0.0112	0.0922	0.045	0.0896	0.0727	0.0272	0	0.6621
value...72	0.0644	0.0679	0.0207	0.0746	0.1126	0.0592	0.0095	0.5911
value...73	0.024	0.1557	0.0801	0.1042	0.1188	0.0311	0.013	0.4731
value...74	0	0.0362	0.0207	0.0415	0.0521	0.0012	0	0.8483
value...75	0.063	0.1392	0.0266	0.0812	0.0608	0.0537	0.0432	0.5324
value...76	0	0.0401	0.0235	0.0319	0.0656	0.0116	0	0.8272
value...77	0.0114	0.0489	0.0317	0.0538	0.0584	0.0092	0	0.7867
value...78	0.0301	0.1118	0.0547	0.0978	0.0697	0.0271	0.0079	0.6009
value...79	0.0132	0.1041	0.0763	0.0427	0.0924	0.0223	0.0024	0.6467
value...80	0.0065	0.0978	0.0584	0.0493	0.071	0.0488	0.0107	0.6577
value...81	0.0345	0.0957	0.0457	0.1877	0.0977	0.0404	0.0388	0.4596
value...82	0.0396	0.1355	0.0488	0.0371	0.1049	0.0401	0.0202	0.5738
value...83	0.023	0.1109	0.0534	0.0827	0.038	0.021	0	0.671
value...84	0.0222	0.0805	0.0742	0.1508	0.0978	0.0407	0.0382	0.4956
value...85	0.0549	0.143	0.0517	0.0732	0.1416	0.0523	0.0568	0.4265
value...86	0.001	0.0724	0.0448	0.0432	0.095	0.0153	0.0118	0.7163
value...87	0.0284	0.1684	0.0731	0.1305	0.1087	0.0515	0.0066	0.4327
value...88	0.0198	0.1604	0.0849	0.0151	0.0615	0.0398	0.0082	0.6104
value...89	0.0201	0.1316	0.0408	0.0286	0.0803	0.0437	0	0.6548
value...90	0.0428	0.1239	0.101	0.1071	0.0925	0.0563	0.0263	0.45
value...91	0.0485	0.1893	0.0112	0.1401	0.0828	0.0497	0.0511	0.4274
value...92	0.0364	0.1407	0.0336	0.0693	0.075	0.04	0.0306	0.5746
value...93	0	0.0517	0.021	0.0253	0.0988	0.0386	0.0321	0.7324
value...94	0.0849	0.2005	0.0674	0.1243	0.0516	0.0388	0.0231	0.4094
value...95	0.0188	0.1724	0.0615	0.0551	0.0457	0.068	0.0199	0.5585
value...96	0.0424	0.1143	0.0282	0.0879	0.0772	0.031	0	0.619
value...97	0.0289	0.1425	0.0514	0.0921	0.0881	0.0318	0.0011	0.5642
value...98	0	0.0351	0.0205	0.0401	0.0481	0	0	0.8561
value...99	0.0395	0.0895	0.0444	0.0194	0.0896	0.0396	0	0.6779
value...100	0.0316	0.132	0.0106	0.0689	0.0873	0.07	0.0457	0.554
