
sampleID	B	Endothelial	Fibroblasts	Mono.Macro	Tprolif	CD4Tconv	CD8Tex	otherCells
value...1	0.0036	0.0697	0.1249	0.0593	0.0085	0.1091	0.031	0.5938
value...2	0.006	0.0407	0.0891	0.0689	0.0259	0.1363	0.0337	0.5995
value...3	0	0.0428	0.1032	0.0948	0.0153	0.1285	0.0056	0.6098
value...4	0.014	0.0817	0.0767	0.0742	0.0072	0.1126	0.0212	0.6124
value...5	0.0122	0.0347	0.0764	0.0887	0.0045	0.1027	0	0.6808
value...6	0.0035	0.0901	0.1161	0.0738	0.0152	0.0682	0.0179	0.6152
value...7	0.0043	0.0657	0.0369	0.0897	0.0299	0.1357	0.0066	0.6312
value...8	0.0127	0.0298	0.0529	0.0847	0.0351	0.0806	0.0375	0.6667
value...9	0.0163	0.0329	0.1059	0.0481	0.0247	0.1109	0.0027	0.6584
value...10	0.0053	0.0817	0.0587	0.0672	0.0228	0.0996	0	0.6647
value...11	0.0014	0.1033	0.0948	0.0735	0.0115	0.0704	0.0024	0.6426
value...12	0.0098	0.0793	0.0859	0.0697	0.0171	0.122	0.0076	0.6086
value...13	0.0044	0.0569	0.032	0.095	0.0144	0.0832	0	0.714
value...14	0.0095	0.0883	0.0873	0.0709	0.0155	0.0617	0.0113	0.6555
value...15	0.0103	0.0971	0.0264	0.0855	0.0362	0.094	0	0.6506
value...16	0.009	0.0414	0.068	0.1201	0.0013	0.0957	0	0.6646
value...17	0.0093	0.0319	0.141	0.059	0.0326	0.0961	0.008	0.6221
value...18	0.0171	0.0485	0.0283	0.0674	0.0292	0.0994	0.0277	0.6824
value...19	0.0095	0.0603	0.0285	0.0942	0.0192	0.0774	0	0.7109
value...20	0.0025	0.0326	0.0966	0.1065	0.0129	0.0668	0.0306	0.6514
value...21	0.0115	0.0389	0.0335	0.1069	0.0224	0.0804	0.0238	0.6826
value...22	0	0.0757	0.1252	0.0898	0.0026	0.0892	0.0247	0.5928
value...23	0.0228	0.0263	0.0374	0.0939	0.0313	0.1034	0.0167	0.6681
value...24	0.0153	0.0694	0.0438	0.0661	0.03	0.1041	0.0155	0.6559
value...25	0.0105	0.0294	0.0597	0.096	0.0181	0.0762	0.0319	0.6782
value...26	0.0193	0.0388	0.1195	0.0556	0.0218	0.0981	0	0.6469
value...27	0.0212	0.0817	0.0917	0.0519	0.0184	0.078	0	0.6572
value...28	0.0094	0.0326	0.0481	0.0858	0.0206	0.0952	0.0235	0.6848
value...29	0.0181	0.0316	0.1274	0.0803	0.0238	0.0765	0.0124	0.6299
value...30	0	0.0752	0.0743	0.0795	0.0215	0.0861	0.0234	0.64
value...31	0.0045	0.0731	0.1029	0.0674	0.0134	0.1064	0.0292	0.6032
value...32	0.0169	0.1173	0.0317	0.0676	0.0311	0.0948	0.0357	0.6048
value...33	0.0093	0.1274	0.0555	0.1028	0.0079	0.0635	0	0.6336
value...34	0.0073	0.0717	0.0749	0.0969	0.028	0.0708	0.0104	0.64
value...35	0.0096	0.0604	0.0897	0.0754	0.0092	0.0809	0	0.6748
value...36	0.0157	0.0581	0.0753	0.0599	0.0205	0.068	0	0.7025
value...37	0.0035	0.0345	0.0653	0.0778	0.0288	0.0959	0.022	0.6722
value...38	0.0056	0.0807	0.0698	0.0595	0.0175	0.0902	0.015	0.6618
value...39	0.0065	0.0701	0.085	0.0634	0.0273	0.0884	9e-04	0.6584
value...40	0.0013	0.0969	0.0852	0.0635	0.0231	0.085	0.0069	0.638
value...41	0.0073	0.0651	0.092	0.1005	0.0137	0.0592	0.0115	0.6506
value...42	0.0077	0.079	0.103	0.0583	0.0201	0.0856	0.025	0.6213
value...43	0.0014	0.0384	0.0799	0.1018	0.0123	0.0772	0.0479	0.641
value...44	0.0099	0.0379	0.0415	0.0905	0.0389	0.0708	0.0254	0.6852
value...45	0.009	0.0779	0.1043	0.0669	0.0261	0.0915	0.0348	0.5896
value...46	0.0064	0.0592	0.0876	0.0709	0.0085	0.0909	0	0.6765
value...47	0.0072	0.0315	0.0931	0.097	0.01	0.091	0.0347	0.6354
value...48	0.0113	0.0445	0.0382	0.0856	0.0409	0.101	0.0232	0.6552
value...49	0.0124	0.0977	0.1281	0.0406	0.0122	0.0736	0.0034	0.6321
value...50	0.0025	0.0405	0.0982	0.0913	0.0228	0.0782	0.0138	0.6526
value...51	0.0095	0.0694	0.0981	0.073	0.0231	0.0858	0.053	0.5881
value...52	0.0095	0.0285	0.0458	0.0915	0.0261	0.114	0.0135	0.6711
value...53	0.0062	0.0935	0.07	0.0662	0.0174	0.0889	0.0072	0.6506
value...54	7e-04	0.0389	0.0539	0.0901	0.0333	0.1124	0.0303	0.6405
value...55	0	0.0958	0.0535	0.0903	0.0192	0.0969	0.0078	0.6365
value...56	0.0084	0.0788	0.1109	0.0689	0.0132	0.0624	0.0318	0.6257
value...57	0.014	0.0497	0.0685	0.0846	0.0309	0.0879	0.0022	0.6621
value...58	0.0067	0.0899	0.0677	0.0651	0.0144	0.0652	0.0042	0.6868
value...59	0.0045	0.0271	0.0504	0.109	0.0267	0.1095	0.0012	0.6716
value...60	0.0068	0.0333	0.1095	0.0639	0.019	0.1183	0.025	0.6241
value...61	0.0065	0.0867	0.0422	0.0923	0.0148	0.0619	0.0086	0.687
value...62	0.0039	0.058	0.0543	0.0935	0.022	0.0867	0.0149	0.6666
value...63	0.0085	0.0593	0.1074	0.0636	0.0194	0.1145	0.0082	0.6191
value...64	0.0102	0.1442	0.0843	0.0586	0	0.0527	0	0.65
value...65	0.0061	0.0386	0.0452	0.0778	0.0153	0.0906	0	0.7265
value...66	0.0018	0.0455	0.1158	0.0745	0.0146	0.0794	0.0163	0.6521
value...67	0.0136	0.022	0.0448	0.0809	0.0232	0.1106	0.0485	0.6564
value...68	0.0126	0.0659	0.0355	0.0746	0.027	0.0867	0	0.6978
value...69	0.0053	0.0688	0.1181	0.0808	0.0139	0.0765	0.029	0.6075
value...70	0.0109	0.0224	0.101	0.0817	0.0173	0.0714	0.0074	0.688
value...71	0.0111	0.0865	0.1143	0.0692	0.0182	0.1135	0.0126	0.5746
value...72	0.0093	0.082	0.0316	0.0683	0.0361	0.1299	0.0047	0.638
value...73	0.0112	0.085	0.0188	0.0859	0.0195	0.0859	0	0.6937
value...74	0.019	0.0581	0.0509	0.0657	0.0279	0.0702	0.0252	0.6831
value...75	0.014	0.0904	0.0833	0.0493	0.0147	0.0643	0	0.6841
value...76	0.0074	0.0535	0.0901	0.0873	0.0103	0.0684	0.0269	0.6562
value...77	0.0107	0.0648	0.031	0.1136	0.0121	0.1228	0.0144	0.6305
value...78	0.0023	0.0757	0.0359	0.0855	0.0329	0.0929	0	0.6747
value...79	0.0119	0.0577	0.0306	0.0914	0.0186	0.0619	0	0.728
value...80	0.0051	0.049	0.099	0.0594	0.0205	0.0979	0.0014	0.6677
value...81	0.0056	0.0326	0.0967	0.0962	0.0059	0.1031	0.0149	0.645
value...82	0.014	0.0536	0.0149	0.0959	0.0134	0.0907	0.0436	0.6739
value...83	0.0072	0.0615	0.0885	0.0809	0.0043	0.1132	0.028	0.6164
value...84	0.017	0.0457	0.0987	0.0552	0.0116	0.1174	0	0.6545
value...85	0.0035	0.041	0.1345	0.0643	0.0088	0.1323	0	0.6156
value...86	0.018	0.0519	0.1265	0.0524	0.0185	0.0625	0.0144	0.6558
value...87	0.0071	0.0752	0.0392	0.0898	0.0166	0.0611	0.023	0.688
value...88	0.0034	0.0847	0.0979	0.1142	0.0092	0.0756	3e-04	0.6148
value...89	0.0099	0.0353	0.0813	0.088	0.0122	0.1069	0.0103	0.656
value...90	0.0148	0.0685	0.0511	0.0772	0.0365	0.0817	0.0417	0.6285
value...91	0.0014	0.1112	0.1342	0.0459	0.0041	0.111	0.0088	0.5835
value...92	0.0328	0.0818	0.0458	0.0794	0.0173	0.0538	0.037	0.6521
value...93	0.0098	0.0751	0.0261	0.0755	0.0315	0.1076	0.0155	0.6588
value...94	0.0141	0.0665	0.0176	0.1078	0	0.0786	0	0.7154
value...95	0.0163	0.0715	0.1308	0.0617	0.0087	0.1158	0.0175	0.5778
value...96	0.0063	0.0818	0.0285	0.0898	0.0178	0.1184	0.0181	0.6395
value...97	0.0051	0.0875	0.0796	0.0602	0.024	0.0424	0.0326	0.6687
value...98	0.0065	0.0984	0.0703	0.0668	0.0038	0.1048	0	0.6493
value...99	0.0116	0.0712	0.0784	0.0582	0.0308	0.0703	0.0187	0.6609
value...100	0.0027	0.0617	0.0809	0.0846	0.0176	0.147	0.014	0.5917
